1
0.000000
0.000000
0.000000
2
0.000000
0.000000
0.000000
3
0.000000
0.000000
0.000000
4
0.000000
0.000000
0.000000
5
0.000000
0.000000
0.000000
6
0.000000
0.000000
0.000000
7
0.000000
0.000000
0.000000
8
0.000000
0.000000
0.000000
9
0.000000
0.000000
0.000000
10
0.000000
0.000000
0.000000
11
0.042422
-0.710735
-0.702180
12
-0.045530
0.274586
0.960484
13
0.370276
0.923379
-0.101323
14
0.096545
-0.200445
0.974936
15
0.114075
-0.396571
-0.910889
16
-0.999824
-0.002448
0.018611
17
0.013544
0.018759
0.999732
18
0.188805
0.474601
-0.859713
19
-0.106144
-0.080175
0.991113
20
-0.028044
0.083837
0.996085
