0
0.000000
80.000000
0.000000
1
16.632935
78.251808
0.000000
2
32.538931
73.083637
0.000000
3
47.022820
64.721360
0.000000
4
59.451586
53.530449
0.000000
5
69.282032
40.000000
0.000000
6
76.084521
24.721360
0.000000
7
79.561752
8.362277
0.000000
8
79.561752
-8.362277
0.000000
9
76.084521
-24.721360
0.000000
10
69.282032
-40.000000
0.000000
11
59.451586
-53.530449
0.000000
12
47.022820
-64.721360
0.000000
13
32.538931
-73.083637
0.000000
14
16.632935
-78.251808
0.000000
15
0.000000
-80.000000
0.000000
16
-16.632935
-78.251808
0.000000
17
-32.538931
-73.083637
0.000000
18
-47.022820
-64.721360
0.000000
19
-59.451586
-53.530449
0.000000
20
-69.282032
-40.000000
0.000000
21
-76.084521
-24.721360
0.000000
22
-79.561752
-8.362277
0.000000
23
-79.561752
8.362277
0.000000
24
-76.084521
24.721360
0.000000
25
-69.282032
40.000000
0.000000
26
-59.451586
53.530449
0.000000
27
-47.022820
64.721360
0.000000
28
-32.538931
73.083637
0.000000
29
-16.632935
78.251808
0.000000
30
-0.000000
80.000000
0.000000
