0
-1.000000
0.000000
0.000000
0.000000
0.000000
1.000000
0.000000
1.000000
0.000000
1
-0.978148
0.207912
0.000000
0.000000
0.000000
1.000000
0.207912
0.978148
0.000000
2
-0.913545
0.406737
0.000000
0.000000
0.000000
1.000000
0.406737
0.913545
0.000000
3
-0.809017
0.587785
0.000000
0.000000
0.000000
1.000000
0.587785
0.809017
0.000000
4
-0.669131
0.743145
0.000000
0.000000
0.000000
1.000000
0.743145
0.669131
0.000000
5
-0.500000
0.866025
0.000000
0.000000
0.000000
1.000000
0.866025
0.500000
0.000000
6
-0.309017
0.951057
0.000000
0.000000
0.000000
1.000000
0.951057
0.309017
0.000000
7
-0.104528
0.994522
0.000000
0.000000
0.000000
1.000000
0.994522
0.104528
0.000000
8
0.104528
0.994522
0.000000
0.000000
0.000000
1.000000
0.994522
-0.104528
0.000000
9
0.309017
0.951057
0.000000
0.000000
0.000000
1.000000
0.951057
-0.309017
0.000000
10
0.500000
0.866025
0.000000
0.000000
0.000000
1.000000
0.866025
-0.500000
0.000000
11
0.669131
0.743145
0.000000
0.000000
0.000000
1.000000
0.743145
-0.669131
0.000000
12
0.809017
0.587785
0.000000
0.000000
0.000000
1.000000
0.587785
-0.809017
0.000000
13
0.913545
0.406737
0.000000
0.000000
0.000000
1.000000
0.406737
-0.913545
0.000000
14
0.978148
0.207912
0.000000
0.000000
0.000000
1.000000
0.207912
-0.978148
0.000000
15
1.000000
0.000000
0.000000
0.000000
0.000000
1.000000
-0.000000
-1.000000
0.000000
16
0.978148
-0.207912
0.000000
0.000000
0.000000
1.000000
-0.207912
-0.978148
0.000000
17
0.913545
-0.406737
0.000000
0.000000
0.000000
1.000000
-0.406737
-0.913545
0.000000
18
0.809017
-0.587785
0.000000
0.000000
0.000000
1.000000
-0.587785
-0.809017
0.000000
19
0.669131
-0.743145
0.000000
0.000000
0.000000
1.000000
-0.743145
-0.669131
0.000000
20
0.500000
-0.866025
0.000000
0.000000
0.000000
1.000000
-0.866025
-0.500000
0.000000
21
0.309017
-0.951057
0.000000
0.000000
0.000000
1.000000
-0.951057
-0.309017
0.000000
22
0.104528
-0.994522
0.000000
0.000000
0.000000
1.000000
-0.994522
-0.104528
0.000000
23
-0.104528
-0.994522
0.000000
0.000000
0.000000
1.000000
-0.994522
0.104528
0.000000
24
-0.309017
-0.951057
0.000000
0.000000
0.000000
1.000000
-0.951057
0.309017
0.000000
25
-0.500000
-0.866025
0.000000
0.000000
0.000000
1.000000
-0.866025
0.500000
0.000000
26
-0.669131
-0.743145
0.000000
0.000000
0.000000
1.000000
-0.743145
0.669131
0.000000
27
-0.809017
-0.587785
0.000000
0.000000
0.000000
1.000000
-0.587785
0.809017
0.000000
28
-0.913545
-0.406737
0.000000
0.000000
0.000000
1.000000
-0.406737
0.913545
0.000000
29
-0.978148
-0.207912
0.000000
0.000000
0.000000
1.000000
-0.207912
0.978148
0.000000
30
-1.000000
-0.000000
0.000000
0.000000
0.000000
1.000000
-0.000000
1.000000
0.000000
